0 0 0 0 0 0 0 0 0 0 0 0 0 0 0 0 0 0 0 0 0 0 0 0 0 0 0 0 0 0 0 0 0 0 0 0 0 0 0 0 0 0 0 0 0 0 0 0 0 0 0 
0.1 0 0.0290757 0.055438 0.0793403 0.101012 0.120661 0.138477 0.15463 0.169276 0.182555 0.194594 0.205511 0.215408 0.224382 0.232518 0.239896 0.246584 0.252649 0.258148 0.263133 0.267653 0.271752 0.275468 0.278837 0.281891 0.284661 0.287172 0.289449 0.291514 0.293385 0.295083 0.296621 0.298016 0.299281 0.300428 0.301468 0.302411 0.303266 0.304041 0.304743 0.305381 0.305958 0.306482 0.306957 0.307388 0.307778 0.308132 0.308453 0.308744 0.309008 
0.2 0 0.0553052 0.105449 0.150914 0.192136 0.229511 0.263399 0.294124 0.321981 0.34724 0.370141 0.390904 0.409731 0.4268 0.442276 0.456309 0.469031 0.480567 0.491026 0.500509 0.509107 0.516902 0.52397 0.530379 0.536189 0.541458 0.546234 0.550565 0.554492 0.558052 0.56128 0.564207 0.566861 0.569267 0.571448 0.573426 0.57522 0.576846 0.57832 0.579657 0.580868 0.581967 0.582964 0.583867 0.584686 0.585429 0.586102 0.586712 0.587266 0.587768 
0.3 0 0.0761211 0.145139 0.207716 0.264453 0.315895 0.362537 0.404827 0.443169 0.477934 0.509455 0.538034 0.563946 0.58744 0.608741 0.628055 0.645566 0.661443 0.675839 0.688891 0.700725 0.711455 0.721183 0.730004 0.738002 0.745253 0.751827 0.757788 0.763193 0.768093 0.772536 0.776564 0.780217 0.783529 0.786531 0.789254 0.791722 0.79396 0.795989 0.797829 0.799497 0.801009 0.802381 0.803624 0.804751 0.805773 0.8067 0.80754 0.808302 0.808993 
0.4 0 0.0894858 0.170621 0.244184 0.310883 0.371357 0.426188 0.475902 0.520977 0.561845 0.5989 0.632497 0.662958 0.690577 0.715618 0.738323 0.758909 0.777573 0.794496 0.80984 0.823752 0.836365 0.847802 0.858171 0.867573 0.876097 0.883826 0.890833 0.897187 0.902948 0.908171 0.912906 0.9172 0.921093 0.924623 0.927823 0.930725 0.933356 0.935741 0.937904 0.939865 0.941643 0.943255 0.944717 0.946042 0.947243 0.948333 0.949321 0.950216 0.951028 
0.5 0 0.0940909 0.179401 0.256751 0.326882 0.390468 0.448121 0.500393 0.547788 0.590759 0.629721 0.665046 0.697075 0.726115 0.752446 0.776319 0.797964 0.817589 0.835383 0.851516 0.866144 0.879407 0.891432 0.902335 0.91222 0.921183 0.929309 0.936678 0.943358 0.949415 0.954907 0.959886 0.964401 0.968495 0.972206 0.975571 0.978622 0.981388 0.983897 0.986171 0.988232 0.990102 0.991797 0.993334 0.994727 0.995991 0.997136 0.998175 0.999116 0.99997 
0.6 0 0.0894858 0.170621 0.244184 0.310883 0.371357 0.426188 0.475902 0.520977 0.561845 0.5989 0.632497 0.662958 0.690577 0.715618 0.738323 0.758909 0.777573 0.794496 0.80984 0.823752 0.836365 0.847802 0.858171 0.867573 0.876097 0.883826 0.890833 0.897187 0.902948 0.908171 0.912906 0.9172 0.921093 0.924623 0.927823 0.930725 0.933356 0.935741 0.937904 0.939865 0.941643 0.943255 0.944717 0.946042 0.947243 0.948333 0.949321 0.950216 0.951028 
0.7 0 0.0761211 0.145139 0.207716 0.264453 0.315895 0.362537 0.404827 0.443169 0.477934 0.509455 0.538034 0.563946 0.58744 0.608741 0.628055 0.645566 0.661443 0.675839 0.688891 0.700725 0.711455 0.721183 0.730004 0.738002 0.745253 0.751827 0.757788 0.763193 0.768093 0.772536 0.776564 0.780217 0.783529 0.786531 0.789254 0.791722 0.79396 0.795989 0.797829 0.799497 0.801009 0.802381 0.803624 0.804751 0.805773 0.8067 0.80754 0.808302 0.808993 
0.8 0 0.0553052 0.105449 0.150914 0.192136 0.229511 0.263399 0.294124 0.321981 0.34724 0.370141 0.390904 0.409731 0.4268 0.442276 0.456309 0.469031 0.480567 0.491026 0.500509 0.509107 0.516902 0.52397 0.530379 0.536189 0.541458 0.546234 0.550565 0.554492 0.558052 0.56128 0.564207 0.566861 0.569267 0.571448 0.573426 0.57522 0.576846 0.57832 0.579657 0.580868 0.581967 0.582964 0.583867 0.584686 0.585429 0.586102 0.586712 0.587266 0.587768 
0.9 0 0.0290757 0.055438 0.0793403 0.101012 0.120661 0.138477 0.15463 0.169276 0.182555 0.194594 0.205511 0.215408 0.224382 0.232518 0.239896 0.246584 0.252649 0.258148 0.263133 0.267653 0.271752 0.275468 0.278837 0.281891 0.284661 0.287172 0.289449 0.291514 0.293385 0.295083 0.296621 0.298016 0.299281 0.300428 0.301468 0.302411 0.303266 0.304041 0.304743 0.305381 0.305958 0.306482 0.306957 0.307388 0.307778 0.308132 0.308453 0.308744 0.309008 
1 0 0 0 0 0 0 0 0 0 0 0 0 0 0 0 0 0 0 0 0 0 0 0 0 0 0 0 0 0 0 0 0 0 0 0 0 0 0 0 0 0 0 0 0 0 0 0 0 0 0 
