0 0 -inf -inf
0.01 0.000108963 -2 -3.96272
0.02 0.000270008 -1.69897 -3.56862
0.03 0.000472424 -1.52288 -3.32567
0.04 0.000707049 -1.39794 -3.15055
0.05 0.000966076 -1.30103 -3.01499
0.06 0.00124288 -1.22185 -2.90557
0.07 0.00153185 -1.1549 -2.81478
0.08 0.00182829 -1.09691 -2.73796
0.09 0.00212826 -1.04576 -2.67198
0.1 0.0024285 -1 -2.61466
0.11 0.00272633 -0.958607 -2.56442
0.12 0.00301957 -0.920819 -2.52005
0.13 0.00330646 -0.886057 -2.48064
0.14 0.00358563 -0.853872 -2.44543
0.15 0.003856 -0.823909 -2.41386
0.16 0.00411677 -0.79588 -2.38544
0.17 0.00436738 -0.769551 -2.35978
0.18 0.00460742 -0.744727 -2.33654
0.19 0.0048367 -0.721246 -2.31545
0.2 0.00505511 -0.69897 -2.29627
0.21 0.00526269 -0.677781 -2.27879
0.22 0.00545954 -0.657577 -2.26284
0.23 0.00564585 -0.638272 -2.24827
0.24 0.00582188 -0.619789 -2.23494
0.25 0.00598791 -0.60206 -2.22272
0.26 0.00614428 -0.585027 -2.21153
0.27 0.00629133 -0.568636 -2.20126
0.28 0.00642944 -0.552842 -2.19183
0.29 0.006559 -0.537602 -2.18316
0.3 0.00668039 -0.522879 -2.1752
0.31 0.00679401 -0.508638 -2.16787
0.32 0.00690025 -0.49485 -2.16114
0.33 0.0069995 -0.481486 -2.15493
0.34 0.00709213 -0.468521 -2.14922
0.35 0.00717851 -0.455932 -2.14397
0.36 0.00725901 -0.443697 -2.13912
0.37 0.00733396 -0.431798 -2.13466
0.38 0.00740369 -0.420216 -2.13055
0.39 0.00746854 -0.408935 -2.12676
0.4 0.0075288 -0.39794 -2.12327
0.41 0.00758476 -0.387216 -2.12006
0.42 0.0076367 -0.376751 -2.11709
0.43 0.00768488 -0.366532 -2.11436
0.44 0.00772955 -0.356547 -2.11185
0.45 0.00777094 -0.346787 -2.10953
0.46 0.00780928 -0.337242 -2.10739
0.47 0.00784478 -0.327902 -2.10542
0.48 0.00787763 -0.318759 -2.1036
0.49 0.00790801 -0.309804 -2.10193
