0 0 0 0 0 0 0 0 0 0 0 0 0 0 0 0 0 0 0 0 0 0 0 0 0 0 0 0 0 0 0 0 0 0 0 0 0 0 0 0 0 0 0 0 0 0 0 0 0 0 0 
0.1 0 0.029042 0.0553546 0.0791943 0.100793 0.120363 0.138093 0.154157 0.168711 0.181897 0.193844 0.204668 0.214475 0.22336 0.23141 0.238704 0.245312 0.251299 0.256724 0.261638 0.266091 0.270125 0.27378 0.277092 0.280092 0.282811 0.285274 0.287505 0.289527 0.291359 0.293018 0.294522 0.295884 0.297118 0.298237 0.29925 0.300168 0.300999 0.301753 0.302436 0.303054 0.303615 0.304122 0.304582 0.304999 0.305377 0.305719 0.306029 0.30631 0.306564 
0.2 0 0.0552412 0.105291 0.150636 0.191721 0.228944 0.262668 0.293223 0.320907 0.345989 0.368713 0.389302 0.407956 0.424856 0.440169 0.454042 0.466612 0.478 0.488318 0.497666 0.506135 0.513809 0.520761 0.52706 0.532767 0.537938 0.542623 0.546867 0.550713 0.554197 0.557354 0.560214 0.562805 0.565153 0.56728 0.569207 0.570953 0.572535 0.573968 0.575267 0.576443 0.577509 0.578475 0.57935 0.580143 0.580861 0.581512 0.582101 0.582635 0.583119 
0.3 0 0.076033 0.14492 0.207333 0.263881 0.315114 0.361532 0.403587 0.44169 0.476212 0.50749 0.535828 0.561503 0.584765 0.60584 0.624935 0.642236 0.65791 0.672111 0.684978 0.696636 0.707197 0.716767 0.725436 0.733292 0.740408 0.746856 0.752698 0.757991 0.762787 0.767132 0.771068 0.774635 0.777866 0.780794 0.783446 0.785849 0.788027 0.789999 0.791787 0.793406 0.794873 0.796202 0.797407 0.798498 0.799486 0.800382 0.801194 0.801929 0.802595 
0.4 0 0.0893821 0.170364 0.243735 0.31021 0.370438 0.425006 0.474445 0.519238 0.559821 0.59659 0.629904 0.660086 0.687432 0.712208 0.734656 0.754993 0.77342 0.790114 0.80524 0.818944 0.83136 0.84261 0.852802 0.862036 0.870402 0.877982 0.88485 0.891072 0.89671 0.901817 0.906445 0.910638 0.914436 0.917878 0.920996 0.923821 0.926381 0.9287 0.930801 0.932705 0.934429 0.935992 0.937408 0.938691 0.939853 0.940906 0.94186 0.942724 0.943507 
0.5 0 0.0939819 0.179131 0.256278 0.326175 0.389502 0.446878 0.498861 0.545959 0.588631 0.627292 0.66232 0.694056 0.722809 0.74886 0.772463 0.793847 0.813222 0.830775 0.84668 0.861089 0.874144 0.885972 0.896689 0.906398 0.915195 0.923165 0.930386 0.936929 0.942856 0.948227 0.953092 0.957501 0.961495 0.965114 0.968393 0.971363 0.974054 0.976493 0.978702 0.980704 0.982517 0.98416 0.985649 0.986998 0.98822 0.989327 0.99033 0.991239 0.992062 
0.6 0 0.0893821 0.170364 0.243735 0.31021 0.370438 0.425006 0.474445 0.519238 0.559821 0.59659 0.629904 0.660086 0.687432 0.712208 0.734656 0.754993 0.77342 0.790114 0.80524 0.818944 0.83136 0.84261 0.852802 0.862036 0.870402 0.877982 0.88485 0.891072 0.89671 0.901817 0.906445 0.910638 0.914436 0.917878 0.920996 0.923821 0.926381 0.9287 0.930801 0.932705 0.934429 0.935992 0.937408 0.938691 0.939853 0.940906 0.94186 0.942724 0.943507 
0.7 0 0.076033 0.14492 0.207333 0.263881 0.315114 0.361532 0.403587 0.44169 0.476212 0.50749 0.535828 0.561503 0.584765 0.60584 0.624935 0.642236 0.65791 0.672111 0.684978 0.696636 0.707197 0.716767 0.725436 0.733292 0.740408 0.746856 0.752698 0.757991 0.762787 0.767132 0.771068 0.774635 0.777866 0.780794 0.783446 0.785849 0.788027 0.789999 0.791787 0.793406 0.794873 0.796202 0.797407 0.798498 0.799486 0.800382 0.801194 0.801929 0.802595 
0.8 0 0.0552412 0.105291 0.150636 0.191721 0.228944 0.262668 0.293223 0.320907 0.345989 0.368713 0.389302 0.407956 0.424856 0.440169 0.454042 0.466612 0.478 0.488318 0.497666 0.506135 0.513809 0.520761 0.52706 0.532767 0.537938 0.542623 0.546867 0.550713 0.554197 0.557354 0.560214 0.562805 0.565153 0.56728 0.569207 0.570953 0.572535 0.573968 0.575267 0.576443 0.577509 0.578475 0.57935 0.580143 0.580861 0.581512 0.582101 0.582635 0.583119 
0.9 0 0.029042 0.0553546 0.0791943 0.100793 0.120363 0.138093 0.154157 0.168711 0.181897 0.193844 0.204668 0.214475 0.22336 0.23141 0.238704 0.245312 0.251299 0.256724 0.261638 0.266091 0.270125 0.27378 0.277092 0.280092 0.282811 0.285274 0.287505 0.289527 0.291359 0.293018 0.294522 0.295884 0.297118 0.298237 0.29925 0.300168 0.300999 0.301753 0.302436 0.303054 0.303615 0.304122 0.304582 0.304999 0.305377 0.305719 0.306029 0.30631 0.306564 
1 0 0 0 0 0 0 0 0 0 0 0 0 0 0 0 0 0 0 0 0 0 0 0 0 0 0 0 0 0 0 0 0 0 0 0 0 0 0 0 0 0 0 0 0 0 0 0 0 0 0 
