0 0 0 0 0 0 0 0 0 0 0 0 0 0 0 0 0 0 0 0 0 0 0 0 0 0 0 0 0 0 0 0 0 0 0 0 0 0 0 0 0 0 0 0 0 0 0 0 0 0 0 
0.1 0 3.36714e-005 8.3437e-005 0.000145987 0.00021849 0.000298534 0.00038407 0.000473368 0.000564972 0.000657668 0.000750448 0.000842483 0.000933099 0.00102175 0.00110802 0.00119157 0.00127215 0.00134959 0.00142377 0.00149462 0.00156212 0.00162626 0.00168709 0.00174466 0.00179906 0.00185037 0.00189869 0.00194413 0.00198681 0.00202684 0.00206435 0.00209946 0.00213229 0.00216296 0.00219159 0.00221828 0.00224316 0.00226632 0.00228787 0.00230791 0.00232653 0.00234382 0.00235987 0.00237476 0.00238856 0.00240135 0.0024132 0.00242417 0.00243432 0.00244371 
0.2 0 6.40469e-005 0.000158707 0.000277684 0.000415593 0.000567845 0.000730545 0.000900399 0.00107464 0.00125096 0.00142744 0.0016025 0.00177486 0.00194349 0.00210758 0.0022665 0.00241978 0.00256708 0.00270818 0.00284294 0.00297132 0.00309333 0.00320904 0.00331855 0.00342202 0.00351961 0.00361151 0.00369795 0.00377913 0.00385528 0.00392663 0.00399342 0.00405587 0.0041142 0.00416865 0.00421942 0.00426674 0.00431079 0.00435178 0.0043899 0.00442532 0.00445821 0.00448874 0.00451706 0.00454331 0.00456764 0.00459018 0.00461105 0.00463035 0.00464821 
0.3 0 8.81529e-005 0.000218441 0.000382199 0.000572015 0.000781572 0.00100551 0.00123929 0.00147912 0.0017218 0.0019647 0.00220565 0.00244288 0.00267499 0.00290084 0.00311957 0.00333054 0.00353328 0.00372748 0.00391297 0.00408967 0.0042576 0.00441686 0.00456759 0.00471 0.00484432 0.00497082 0.00508979 0.00520153 0.00530634 0.00540455 0.00549647 0.00558242 0.00566271 0.00573765 0.00580754 0.00587266 0.0059333 0.00598971 0.00604218 0.00609092 0.0061362 0.00617822 0.0062172 0.00625333 0.00628682 0.00631784 0.00634656 0.00637314 0.00639772 
0.4 0 0.00010363 0.000256793 0.000449301 0.000672444 0.000918793 0.00118205 0.00145688 0.00173881 0.00202409 0.00230964 0.0025929 0.00287178 0.00314463 0.00341014 0.00366728 0.00391528 0.00415362 0.00438192 0.00459997 0.0048077 0.00500511 0.00519233 0.00536953 0.00553694 0.00569484 0.00584355 0.00598341 0.00611476 0.00623798 0.00635343 0.00646149 0.00656253 0.00665692 0.00674502 0.00682717 0.00690373 0.00697501 0.00704133 0.007103 0.00716031 0.00721353 0.00726293 0.00730875 0.00735124 0.0073906 0.00742707 0.00746083 0.00749207 0.00752097 
0.5 0 0.000108963 0.000270008 0.000472424 0.000707049 0.000966076 0.00124288 0.00153185 0.00182829 0.00212826 0.0024285 0.00272633 0.00301957 0.00330646 0.00358563 0.003856 0.00411677 0.00436738 0.00460742 0.0048367 0.00505511 0.00526269 0.00545954 0.00564585 0.00582188 0.00598791 0.00614428 0.00629133 0.00642944 0.006559 0.00668039 0.00679401 0.00690025 0.0069995 0.00709213 0.00717851 0.00725901 0.00733396 0.00740369 0.00746854 0.0075288 0.00758476 0.0076367 0.00768488 0.00772955 0.00777094 0.00780928 0.00784478 0.00787763 0.00790801 
0.6 0 0.00010363 0.000256793 0.000449301 0.000672444 0.000918793 0.00118205 0.00145688 0.00173881 0.00202409 0.00230964 0.0025929 0.00287178 0.00314463 0.00341014 0.00366728 0.00391528 0.00415362 0.00438192 0.00459997 0.0048077 0.00500511 0.00519233 0.00536953 0.00553694 0.00569484 0.00584355 0.00598341 0.00611476 0.00623798 0.00635343 0.00646149 0.00656253 0.00665692 0.00674502 0.00682717 0.00690373 0.00697501 0.00704133 0.007103 0.00716031 0.00721353 0.00726293 0.00730875 0.00735124 0.0073906 0.00742707 0.00746083 0.00749207 0.00752097 
0.7 0 8.81529e-005 0.000218441 0.000382199 0.000572015 0.000781572 0.00100551 0.00123929 0.00147912 0.0017218 0.0019647 0.00220565 0.00244288 0.00267499 0.00290084 0.00311957 0.00333054 0.00353328 0.00372748 0.00391297 0.00408967 0.0042576 0.00441686 0.00456759 0.00471 0.00484432 0.00497082 0.00508979 0.00520153 0.00530634 0.00540455 0.00549647 0.00558242 0.00566271 0.00573765 0.00580754 0.00587266 0.0059333 0.00598971 0.00604218 0.00609092 0.0061362 0.00617822 0.0062172 0.00625333 0.00628682 0.00631784 0.00634656 0.00637314 0.00639772 
0.8 0 6.40469e-005 0.000158707 0.000277684 0.000415593 0.000567845 0.000730545 0.000900399 0.00107464 0.00125096 0.00142744 0.0016025 0.00177486 0.00194349 0.00210758 0.0022665 0.00241978 0.00256708 0.00270818 0.00284294 0.00297132 0.00309333 0.00320904 0.00331855 0.00342202 0.00351961 0.00361151 0.00369795 0.00377913 0.00385528 0.00392663 0.00399342 0.00405587 0.0041142 0.00416865 0.00421942 0.00426674 0.00431079 0.00435178 0.0043899 0.00442532 0.00445821 0.00448874 0.00451706 0.00454331 0.00456764 0.00459018 0.00461105 0.00463035 0.00464821 
0.9 0 3.36714e-005 8.3437e-005 0.000145987 0.00021849 0.000298534 0.00038407 0.000473368 0.000564972 0.000657668 0.000750448 0.000842483 0.000933099 0.00102175 0.00110802 0.00119157 0.00127215 0.00134959 0.00142377 0.00149462 0.00156212 0.00162626 0.00168709 0.00174466 0.00179906 0.00185037 0.00189869 0.00194413 0.00198681 0.00202684 0.00206435 0.00209946 0.00213229 0.00216296 0.00219159 0.00221828 0.00224316 0.00226632 0.00228787 0.00230791 0.00232653 0.00234382 0.00235987 0.00237476 0.00238856 0.00240135 0.0024132 0.00242417 0.00243432 0.00244371 
1 0 0 0 0 0 0 0 0 0 0 0 0 0 0 0 0 0 0 0 0 0 0 0 0 0 0 0 0 0 0 0 0 0 0 0 0 0 0 0 0 0 0 0 0 0 0 0 0 0 0 
