0 0 -inf -inf
0.004 0.000769118 -2.39794 -3.11401
0.008 0.00149088 -2.09691 -2.82656
0.012 0.0021678 -1.92082 -2.66398
0.016 0.00280228 -1.79588 -2.55249
0.02 0.0033966 -1.69897 -2.46896
0.024 0.00395293 -1.61979 -2.40308
0.028 0.00447331 -1.55284 -2.34937
0.032 0.00495971 -1.49485 -2.30454
0.036 0.00541399 -1.4437 -2.26648
0.04 0.00583791 -1.39794 -2.23374
0.044 0.00623314 -1.35655 -2.20529
0.048 0.00660127 -1.31876 -2.18037
0.052 0.00694382 -1.284 -2.1584
0.056 0.00726222 -1.25181 -2.13893
0.06 0.00755783 -1.22185 -2.1216
0.064 0.00783195 -1.19382 -2.10613
0.068 0.00808579 -1.16749 -2.09228
0.072 0.00832053 -1.14267 -2.07985
0.076 0.00853726 -1.11919 -2.06868
0.08 0.00873703 -1.09691 -2.05864
0.084 0.00892083 -1.07572 -2.04959
0.088 0.00908961 -1.05552 -2.04145
0.092 0.00924425 -1.03621 -2.03413
0.096 0.0093856 -1.01773 -2.02754
0.1 0.00951446 -1 -2.02162
0.104 0.00963159 -0.982967 -2.0163
0.108 0.00973771 -0.966576 -2.01154
0.112 0.0098335 -0.950782 -2.00729
0.116 0.00991959 -0.935542 -2.00351
0.12 0.0099966 -0.920819 -2.00015
0.124 0.0100651 -0.906578 -1.99718
0.128 0.0101257 -0.89279 -1.99458
0.132 0.0101788 -0.879426 -1.9923
0.136 0.0102249 -0.866461 -1.99034
0.14 0.0102646 -0.853872 -1.98866
0.144 0.0102982 -0.841638 -1.98724
0.148 0.0103261 -0.829738 -1.98606
0.152 0.0103488 -0.818156 -1.98511
0.156 0.0103667 -0.806875 -1.98436
0.16 0.0103799 -0.79588 -1.98381
0.164 0.010389 -0.785156 -1.98343
0.168 0.0103941 -0.774691 -1.98321
0.172 0.0103956 -0.764472 -1.98315
0.176 0.0103938 -0.754487 -1.98323
0.18 0.0103889 -0.744727 -1.98343
0.184 0.0103811 -0.735182 -1.98376
0.188 0.0103708 -0.725842 -1.98419
0.192 0.010358 -0.716699 -1.98472
0.196 0.010343 -0.707744 -1.98535
0.2 0.010326 -0.69897 -1.98607
0.204 0.0103072 -0.69037 -1.98686
0.208 0.0102868 -0.681937 -1.98772
0.212 0.0102648 -0.673664 -1.98865
0.216 0.0102415 -0.665546 -1.98964
0.22 0.010217 -0.657577 -1.99068
0.224 0.0101914 -0.649752 -1.99177
0.228 0.0101648 -0.642065 -1.9929
0.232 0.0101374 -0.634512 -1.99408
0.236 0.0101092 -0.627088 -1.99528
0.24 0.0100804 -0.619789 -1.99652
0.244 0.010051 -0.61261 -1.99779
0.248 0.0100212 -0.605548 -1.99908
0.252 0.00999096 -0.598599 -2.00039
0.256 0.00996044 -0.59176 -2.00172
0.26 0.00992968 -0.585027 -2.00306
0.264 0.00989874 -0.578396 -2.00442
0.268 0.00986769 -0.571865 -2.00578
0.272 0.00983659 -0.565431 -2.00716
0.276 0.00980548 -0.559091 -2.00853
0.28 0.0097744 -0.552842 -2.00991
0.284 0.00974342 -0.546682 -2.01129
0.288 0.00971256 -0.540608 -2.01267
0.292 0.00968186 -0.534617 -2.01404
0.296 0.00965136 -0.528708 -2.01541
0.3 0.00962108 -0.522879 -2.01678
0.304 0.00959107 -0.517126 -2.01813
0.308 0.00956133 -0.511449 -2.01948
0.312 0.00953191 -0.505845 -2.02082
0.316 0.0095028 -0.500313 -2.02215
0.32 0.00947405 -0.49485 -2.02346
0.324 0.00944566 -0.489455 -2.02477
0.328 0.00941765 -0.484126 -2.02606
0.332 0.00939003 -0.478862 -2.02733
0.336 0.00936281 -0.473661 -2.02859
0.34 0.00933601 -0.468521 -2.02984
0.344 0.00930963 -0.463442 -2.03107
0.348 0.00928369 -0.458421 -2.03228
0.352 0.00925818 -0.453457 -2.03347
0.356 0.00923311 -0.44855 -2.03465
0.36 0.00920849 -0.443697 -2.03581
0.364 0.00918432 -0.438899 -2.03695
0.368 0.00916061 -0.434152 -2.03808
0.372 0.00913735 -0.429457 -2.03918
0.376 0.00911454 -0.424812 -2.04027
0.38 0.00909219 -0.420216 -2.04133
0.384 0.00907029 -0.415669 -2.04238
0.388 0.00904884 -0.411168 -2.04341
0.392 0.00902784 -0.406714 -2.04442
0.396 0.00900729 -0.402305 -2.04541
0.4 0.00898718 -0.39794 -2.04638
0.404 0.00896752 -0.393619 -2.04733
0.408 0.00894829 -0.38934 -2.04826
0.412 0.0089295 -0.385103 -2.04917
0.416 0.00891113 -0.380907 -2.05007
0.42 0.00889319 -0.376751 -2.05094
0.424 0.00887567 -0.372634 -2.0518
0.428 0.00885856 -0.368556 -2.05264
0.432 0.00884185 -0.364516 -2.05346
0.436 0.00882555 -0.360514 -2.05426
0.44 0.00880964 -0.356547 -2.05504
0.444 0.00879413 -0.352617 -2.05581
0.448 0.00877899 -0.348722 -2.05656
0.452 0.00876424 -0.344862 -2.05729
0.456 0.00874985 -0.341035 -2.058
0.46 0.00873583 -0.337242 -2.0587
0.464 0.00872217 -0.333482 -2.05938
0.468 0.00870885 -0.329754 -2.06004
0.472 0.00869588 -0.326058 -2.06069
0.476 0.00868325 -0.322393 -2.06132
0.48 0.00867095 -0.318759 -2.06193
0.484 0.00865898 -0.315155 -2.06253
0.488 0.00864732 -0.31158 -2.06312
0.492 0.00863597 -0.308035 -2.06369
0.496 0.00862493 -0.304518 -2.06424
